JSPACE = 0 ; abundances from Jenkins 2009 for C O N /10 and depleted for the heavier elements
   1 H           0  1  0  0  0  0  0  0  0  0  0  0  0  0  0.00000000e+00
   2 C           0  0  0  1  0  0  0  0  0  0  0  0  0  0  0.00000000e+00
   3 Fe          0  0  0  0  0  0  0  0  1  0  0  0  0  0  0.00000000e+00
   4 Mg          0  0  0  0  0  0  0  0  0  0  1  0  0  0  0.00000000e+00
   5 S           0  0  0  0  0  0  0  1  0  0  0  0  0  0  0.00000000e+00
   6 Si          0  0  0  0  0  0  1  0  0  0  0  0  0  0  0.00000000e+00
   7 O           0  0  0  0  0  1  0  0  0  0  0  0  0  0  2.60000000e-04
   8 N           0  0  0  0  1  0  0  0  0  0  0  0  0  0  6.20000000e-05
   9 He          0  0  1  0  0  0  0  0  0  0  0  0  0  0  9.00000000e-02
  10 Cl          0  0  0  0  0  0  0  0  0  0  0  1  0  0  0.00000000e+00
  11 Na          0  0  0  0  0  0  0  0  0  1  0  0  0  0  0.00000000e+00
  12 P           0  0  0  0  0  0  0  0  0  0  0  0  1  0  0.00000000e+00
  13 F           0  0  0  0  0  0  0  0  0  0  0  0  0  1  0.00000000e+00
  14 OH          0  1  0  0  0  1  0  0  0  0  0  0  0  0  0.00000000e+00
  15 CO          0  0  0  1  0  1  0  0  0  0  0  0  0  0  0.00000000e+00
  16 CS          0  0  0  1  0  0  0  1  0  0  0  0  0  0  0.00000000e+00
  17 HS          0  1  0  0  0  0  0  1  0  0  0  0  0  0  0.00000000e+00
  18 N2          0  0  0  0  2  0  0  0  0  0  0  0  0  0  0.00000000e+00
  19 NH          0  1  0  0  1  0  0  0  0  0  0  0  0  0  0.00000000e+00
  20 SiH         0  1  0  0  0  0  1  0  0  0  0  0  0  0  0.00000000e+00
  21 SiO         0  0  0  0  0  1  1  0  0  0  0  0  0  0  0.00000000e+00
  22 SO          0  0  0  0  0  1  0  1  0  0  0  0  0  0  0.00000000e+00
  23 CH          0  1  0  1  0  0  0  0  0  0  0  0  0  0  0.00000000e+00
  24 O2          0  0  0  0  0  2  0  0  0  0  0  0  0  0  0.00000000e+00
  25 H2          0  2  0  0  0  0  0  0  0  0  0  0  0  0  5.00000000e-01
  26 C2          0  0  0  2  0  0  0  0  0  0  0  0  0  0  0.00000000e+00
  27 CN          0  0  0  1  1  0  0  0  0  0  0  0  0  0  0.00000000e+00
  28 MgH         0  1  0  0  0  0  0  0  0  0  1  0  0  0  0.00000000e+00
  29 NaH         0  1  0  0  0  0  0  0  0  1  0  0  0  0  0.00000000e+00
  30 NO          0  0  0  0  1  1  0  0  0  0  0  0  0  0  0.00000000e+00
  31 NS          0  0  0  0  1  0  0  1  0  0  0  0  0  0  0.00000000e+00
  32 PH          0  1  0  0  0  0  0  0  0  0  0  0  1  0  0.00000000e+00
  33 PN          0  0  0  0  1  0  0  0  0  0  0  0  1  0  0.00000000e+00
  34 PO          0  0  0  0  0  1  0  0  0  0  0  0  1  0  0.00000000e+00
  35 S2          0  0  0  0  0  0  0  2  0  0  0  0  0  0  0.00000000e+00
  36 SiC         0  0  0  1  0  0  1  0  0  0  0  0  0  0  0.00000000e+00
  37 SiN         0  0  0  0  1  0  1  0  0  0  0  0  0  0  0.00000000e+00
  38 SiS         0  0  0  0  0  0  1  1  0  0  0  0  0  0  0.00000000e+00
  39 CCl         0  0  0  1  0  0  0  0  0  0  0  1  0  0  0.00000000e+00
  40 CP          0  0  0  1  0  0  0  0  0  0  0  0  1  0  0.00000000e+00
  41 HCl         0  1  0  0  0  0  0  0  0  0  0  1  0  0  0.00000000e+00
  42 HF          0  1  0  0  0  0  0  0  0  0  0  0  0  1  0.00000000e+00
  43 CCH         0  1  0  2  0  0  0  0  0  0  0  0  0  0  0.00000000e+00
  44 C3          0  0  0  3  0  0  0  0  0  0  0  0  0  0  0.00000000e+00
  45 CH2         0  2  0  1  0  0  0  0  0  0  0  0  0  0  0.00000000e+00
  46 SO2         0  0  0  0  0  2  0  1  0  0  0  0  0  0  0.00000000e+00
  47 H2O         0  2  0  0  0  1  0  0  0  0  0  0  0  0  0.00000000e+00
  48 HCN         0  1  0  1  1  0  0  0  0  0  0  0  0  0  0.00000000e+00
  49 HCSi        0  1  0  1  0  0  1  0  0  0  0  0  0  0  0.00000000e+00
  50 CCN         0  0  0  2  1  0  0  0  0  0  0  0  0  0  0.00000000e+00
  51 CCS         0  0  0  2  0  0  0  1  0  0  0  0  0  0  0.00000000e+00
  52 CCO         0  0  0  2  0  1  0  0  0  0  0  0  0  0  0.00000000e+00
  53 CCP         0  0  0  2  0  0  0  0  0  0  0  0  1  0  0.00000000e+00
  54 CO2         0  0  0  1  0  2  0  0  0  0  0  0  0  0  0.00000000e+00
  55 H2S         0  2  0  0  0  0  0  1  0  0  0  0  0  0  0.00000000e+00
  56 HCO         0  1  0  1  0  1  0  0  0  0  0  0  0  0  0.00000000e+00
  57 HCP         0  1  0  1  0  0  0  0  0  0  0  0  1  0  0.00000000e+00
  58 HCS         0  1  0  1  0  0  0  1  0  0  0  0  0  0  0.00000000e+00
  59 HNC         0  1  0  1  1  0  0  0  0  0  0  0  0  0  0.00000000e+00
  60 HNO         0  1  0  0  1  1  0  0  0  0  0  0  0  0  0.00000000e+00
  61 HNSi        0  1  0  0  1  0  1  0  0  0  0  0  0  0  0.00000000e+00
  62 HPO         0  1  0  0  0  1  0  0  0  0  0  0  1  0  0.00000000e+00
  63 HSS         0  1  0  0  0  0  0  2  0  0  0  0  0  0  0.00000000e+00
  64 N2O         0  0  0  0  2  1  0  0  0  0  0  0  0  0  0.00000000e+00
  65 NaOH        0  1  0  0  0  1  0  0  0  1  0  0  0  0  0.00000000e+00
  66 NH2         0  2  0  0  1  0  0  0  0  0  0  0  0  0  0.00000000e+00
  67 NO2         0  0  0  0  1  2  0  0  0  0  0  0  0  0  0.00000000e+00
  68 O2H         0  1  0  0  0  2  0  0  0  0  0  0  0  0  0.00000000e+00
  69 OCN         0  0  0  1  1  1  0  0  0  0  0  0  0  0  0.00000000e+00
  70 OCS         0  0  0  1  0  1  0  1  0  0  0  0  0  0  0.00000000e+00
  71 PH2         0  2  0  0  0  0  0  0  0  0  0  0  1  0  0.00000000e+00
  72 c-SiC2      0  0  0  2  0  0  1  0  0  0  0  0  0  0  0.00000000e+00
  73 SiH2        0  2  0  0  0  0  1  0  0  0  0  0  0  0  0.00000000e+00
  74 SiNC        0  0  0  1  1  0  1  0  0  0  0  0  0  0  0.00000000e+00
  75 SiO2        0  0  0  0  0  2  1  0  0  0  0  0  0  0  0.00000000e+00
  76 C4          0  0  0  4  0  0  0  0  0  0  0  0  0  0  0.00000000e+00
  77 c-C3H       0  1  0  3  0  0  0  0  0  0  0  0  0  0  0.00000000e+00
  78 l-C3H       0  1  0  3  0  0  0  0  0  0  0  0  0  0  0.00000000e+00
  79 CH3         0  3  0  1  0  0  0  0  0  0  0  0  0  0  0.00000000e+00
  80 C2H2        0  2  0  2  0  0  0  0  0  0  0  0  0  0  0.00000000e+00
  81 NH3         0  3  0  0  1  0  0  0  0  0  0  0  0  0  0.00000000e+00
  82 SiCH2       0  2  0  1  0  0  1  0  0  0  0  0  0  0  0.00000000e+00
  83 C3N         0  0  0  3  1  0  0  0  0  0  0  0  0  0  0.00000000e+00
  84 C3O         0  0  0  3  0  1  0  0  0  0  0  0  0  0  0.00000000e+00
  85 C3P         0  0  0  3  0  0  0  0  0  0  0  0  1  0  0.00000000e+00
  86 C3S         0  0  0  3  0  0  0  1  0  0  0  0  0  0  0.00000000e+00
  87 H2CO        0  2  0  1  0  1  0  0  0  0  0  0  0  0  0.00000000e+00
  88 H2CS        0  2  0  1  0  0  0  1  0  0  0  0  0  0  0.00000000e+00
  89 HOOH        0  2  0  0  0  2  0  0  0  0  0  0  0  0  0.00000000e+00
  90 HSSH        0  2  0  0  0  0  0  2  0  0  0  0  0  0  0.00000000e+00
  91 H2SiO       0  2  0  0  0  1  1  0  0  0  0  0  0  0  0.00000000e+00
  92 HCCP        0  1  0  2  0  0  0  0  0  0  0  0  1  0  0.00000000e+00
  93 HCCSi       0  1  0  2  0  0  1  0  0  0  0  0  0  0  0.00000000e+00
  94 l-SiC3      0  0  0  3  0  0  1  0  0  0  0  0  0  0  0.00000000e+00
  95 SiH3        0  3  0  0  0  0  1  0  0  0  0  0  0  0  0.00000000e+00
  96 H2CN        0  2  0  1  1  0  0  0  0  0  0  0  0  0  0.00000000e+00
  97 C5          0  0  0  5  0  0  0  0  0  0  0  0  0  0  0.00000000e+00
  98 c-C3H2      0  2  0  3  0  0  0  0  0  0  0  0  0  0  0.00000000e+00
  99 l-C3H2      0  2  0  3  0  0  0  0  0  0  0  0  0  0  0.00000000e+00
 100 C4H         0  1  0  4  0  0  0  0  0  0  0  0  0  0  0.00000000e+00
 101 CH4         0  4  0  1  0  0  0  0  0  0  0  0  0  0  0.00000000e+00
 102 HC3N        0  1  0  3  1  0  0  0  0  0  0  0  0  0  0.00000000e+00
 103 H2CCN       0  2  0  2  1  0  0  0  0  0  0  0  0  0  0.00000000e+00
 104 H2CCO       0  2  0  2  0  1  0  0  0  0  0  0  0  0  0.00000000e+00
 105 C2H3        0  3  0  2  0  0  0  0  0  0  0  0  0  0  0.00000000e+00
 106 C4N         0  0  0  4  1  0  0  0  0  0  0  0  0  0  0.00000000e+00
 107 C4P         0  0  0  4  0  0  0  0  0  0  0  0  1  0  0.00000000e+00
 108 C4S         0  0  0  4  0  0  0  1  0  0  0  0  0  0  0.00000000e+00
 109 HCOOH       0  2  0  1  0  2  0  0  0  0  0  0  0  0  0.00000000e+00
 110 CH2PH       0  3  0  1  0  0  0  0  0  0  0  0  1  0  0.00000000e+00
 111 CH2NH       0  3  0  1  1  0  0  0  0  0  0  0  0  0  0.00000000e+00
 112 c-HCCHSi    0  2  0  2  0  0  1  0  0  0  0  0  0  0  0.00000000e+00
 113 SiC3H       0  1  0  3  0  0  1  0  0  0  0  0  0  0  0.00000000e+00
 114 SiC4        0  0  0  4  0  0  1  0  0  0  0  0  0  0  0.00000000e+00
 115 SiCH3       0  3  0  1  0  0  1  0  0  0  0  0  0  0  0.00000000e+00
 116 SiH4        0  4  0  0  0  0  1  0  0  0  0  0  0  0  0.00000000e+00
 117 HCNCC       0  1  0  3  1  0  0  0  0  0  0  0  0  0  0.00000000e+00
 118 HCCNC       0  1  0  3  1  0  0  0  0  0  0  0  0  0  0.00000000e+00
 119 HNCCC       0  1  0  3  1  0  0  0  0  0  0  0  0  0  0.00000000e+00
 120 NH2CN       0  2  0  1  2  0  0  0  0  0  0  0  0  0  0.00000000e+00
 121 C6          0  0  0  6  0  0  0  0  0  0  0  0  0  0  0.00000000e+00
 122 CH3CN       0  3  0  2  1  0  0  0  0  0  0  0  0  0  0.00000000e+00
 123 CH2CCH      0  3  0  3  0  0  0  0  0  0  0  0  0  0  0.00000000e+00
 124 C2H4        0  4  0  2  0  0  0  0  0  0  0  0  0  0  0.00000000e+00
 125 HC4N        0  1  0  4  1  0  0  0  0  0  0  0  0  0  0.00000000e+00
 126 C4H2        0  2  0  4  0  0  0  0  0  0  0  0  0  0  0.00000000e+00
 127 C5H         0  1  0  5  0  0  0  0  0  0  0  0  0  0  0.00000000e+00
 128 C5N         0  0  0  5  1  0  0  0  0  0  0  0  0  0  0.00000000e+00
 129 CH3OH       0  4  0  1  0  1  0  0  0  0  0  0  0  0  0.00000000e+00
 130 NH2CHO      0  3  0  1  1  1  0  0  0  0  0  0  0  0  0.00000000e+00
 131 C5O         0  0  0  5  0  1  0  0  0  0  0  0  0  0  0.00000000e+00
 132 C7          0  0  0  7  0  0  0  0  0  0  0  0  0  0  0.00000000e+00
 133 HC5N        0  1  0  5  1  0  0  0  0  0  0  0  0  0  0.00000000e+00
 134 CH3CHO      0  4  0  2  0  1  0  0  0  0  0  0  0  0  0.00000000e+00
 135 C2H5        0  5  0  2  0  0  0  0  0  0  0  0  0  0  0.00000000e+00
 136 CH2CHCN     0  3  0  3  1  0  0  0  0  0  0  0  0  0  0.00000000e+00
 137 CH3CCH      0  4  0  3  0  0  0  0  0  0  0  0  0  0  0.00000000e+00
 138 C5H2        0  2  0  5  0  0  0  0  0  0  0  0  0  0  0.00000000e+00
 139 C6H         0  1  0  6  0  0  0  0  0  0  0  0  0  0  0.00000000e+00
 140 CH3NH2      0  5  0  1  1  0  0  0  0  0  0  0  0  0  0.00000000e+00
 141 C4H3        0  3  0  4  0  0  0  0  0  0  0  0  0  0  0.00000000e+00
 142 C6N         0  0  0  6  1  0  0  0  0  0  0  0  0  0  0.00000000e+00
 143 C8          0  0  0  8  0  0  0  0  0  0  0  0  0  0  0.00000000e+00
 144 HC6N        0  1  0  6  1  0  0  0  0  0  0  0  0  0  0.00000000e+00
 145 CH2CHC2H    0  4  0  4  0  0  0  0  0  0  0  0  0  0  0.00000000e+00
 146 C6H2        0  2  0  6  0  0  0  0  0  0  0  0  0  0  0.00000000e+00
 147 C7H         0  1  0  7  0  0  0  0  0  0  0  0  0  0  0.00000000e+00
 148 C7N         0  0  0  7  1  0  0  0  0  0  0  0  0  0  0.00000000e+00
 149 CH3C3N      0  3  0  4  1  0  0  0  0  0  0  0  0  0  0.00000000e+00
 150 HCOOCH3     0  4  0  2  0  2  0  0  0  0  0  0  0  0  0.00000000e+00
 151 C2H6        0  6  0  2  0  0  0  0  0  0  0  0  0  0  0.00000000e+00
 152 C7O         0  0  0  7  0  1  0  0  0  0  0  0  0  0  0.00000000e+00
 153 C9          0  0  0  9  0  0  0  0  0  0  0  0  0  0  0.00000000e+00
 154 HC7N        0  1  0  7  1  0  0  0  0  0  0  0  0  0  0.00000000e+00
 155 CH3CH2OH    0  6  0  2  0  1  0  0  0  0  0  0  0  0  0.00000000e+00
 156 C7H2        0  2  0  7  0  0  0  0  0  0  0  0  0  0  0.00000000e+00
 157 C8H         0  1  0  8  0  0  0  0  0  0  0  0  0  0  0.00000000e+00
 158 CH3C4H      0  4  0  5  0  0  0  0  0  0  0  0  0  0  0.00000000e+00
 159 CH3OCH3     0  6  0  2  0  1  0  0  0  0  0  0  0  0  0.00000000e+00
 160 CH3CHCH2    0  6  0  3  0  0  0  0  0  0  0  0  0  0  0.00000000e+00
 161 C8N         0  0  0  8  1  0  0  0  0  0  0  0  0  0  0.00000000e+00
 162 C10         0  0  0 10  0  0  0  0  0  0  0  0  0  0  0.00000000e+00
 163 CH3COCH3    0  6  0  3  0  1  0  0  0  0  0  0  0  0  0.00000000e+00
 164 C8H2        0  2  0  8  0  0  0  0  0  0  0  0  0  0  0.00000000e+00
 165 C9H         0  1  0  9  0  0  0  0  0  0  0  0  0  0  0.00000000e+00
 166 C9N         0  0  0  9  1  0  0  0  0  0  0  0  0  0  0.00000000e+00
 167 CH3C5N      0  3  0  6  1  0  0  0  0  0  0  0  0  0  0.00000000e+00
 168 HC8N        0  1  0  8  1  0  0  0  0  0  0  0  0  0  0.00000000e+00
 169 CH2CHCHCH2  0  6  0  4  0  0  0  0  0  0  0  0  0  0  0.00000000e+00
 170 C9O         0  0  0  9  0  1  0  0  0  0  0  0  0  0  0.00000000e+00
 171 HC9N        0  1  0  9  1  0  0  0  0  0  0  0  0  0  0.00000000e+00
 172 C10H        0  1  0 10  0  0  0  0  0  0  0  0  0  0  0.00000000e+00
 173 C9H2        0  2  0  9  0  0  0  0  0  0  0  0  0  0  0.00000000e+00
 174 CH3C6H      0  4  0  7  0  0  0  0  0  0  0  0  0  0  0.00000000e+00
 175 C11         0  0  0 11  0  0  0  0  0  0  0  0  0  0  0.00000000e+00
 176 C10N        0  0  0 10  1  0  0  0  0  0  0  0  0  0  0.00000000e+00
 177 CH3C7N      0  3  0  8  1  0  0  0  0  0  0  0  0  0  0.00000000e+00
 178 C10H2       0  2  0 10  0  0  0  0  0  0  0  0  0  0  0.00000000e+00
 179 c-C6H6      0  6  0  6  0  0  0  0  0  0  0  0  0  0  0.00000000e+00
 180 Si+         1  0  0  0  0  0  1  0  0  0  0  0  0  0  8.00000000e-09
 181 C+          1  0  0  1  0  0  0  0  0  0  0  0  0  0  2.00000000e-04
 182 C-         -1  0  0  1  0  0  0  0  0  0  0  0  0  0  0.00000000e+00
 183 H-         -1  1  0  0  0  0  0  0  0  0  0  0  0  0  0.00000000e+00
 184 O-         -1  0  0  0  0  1  0  0  0  0  0  0  0  0  0.00000000e+00
 185 S-         -1  0  0  0  0  0  0  1  0  0  0  0  0  0  0.00000000e+00
 186 He+         1  0  1  0  0  0  0  0  0  0  0  0  0  0  0.00000000e+00
 187 H+          1  1  0  0  0  0  0  0  0  0  0  0  0  0  0.00000000e+00
 188 Fe+         1  0  0  0  0  0  0  0  1  0  0  0  0  0  3.00000000e-09
 189 Mg+         1  0  0  0  0  0  0  0  0  0  1  0  0  0  7.00000000e-09
 190 N+          1  0  0  0  1  0  0  0  0  0  0  0  0  0  0.00000000e+00
 191 Na+         1  0  0  0  0  0  0  0  0  1  0  0  0  0  2.00000000e-09
 192 O+          1  0  0  0  0  1  0  0  0  0  0  0  0  0  0.00000000e+00
 193 S+          1  0  0  0  0  0  0  1  0  0  0  0  0  0  8.00000000e-08
 194 Cl+         1  0  0  0  0  0  0  0  0  0  0  1  0  0  1.00000000e-09
 195 F+          1  0  0  0  0  0  0  0  0  0  0  0  0  1  1.00000000e-09
 196 P+          1  0  0  0  0  0  0  0  0  0  0  0  1  0  2.00000000e-10
 197 e-         -1  0  0  0  0  0  0  0  0  0  0  0  0  0  0.00000000e+00
 198 CH+         1  1  0  1  0  0  0  0  0  0  0  0  0  0  0.00000000e+00
 199 H2+         1  2  0  0  0  0  0  0  0  0  0  0  0  0  0.00000000e+00
 200 OH+         1  1  0  0  0  1  0  0  0  0  0  0  0  0  0.00000000e+00
 201 SiH+        1  1  0  0  0  0  1  0  0  0  0  0  0  0  0.00000000e+00
 202 C2+         1  0  0  2  0  0  0  0  0  0  0  0  0  0  0.00000000e+00
 203 CN-        -1  0  0  1  1  0  0  0  0  0  0  0  0  0  0.00000000e+00
 204 OH-        -1  1  0  0  0  1  0  0  0  0  0  0  0  0  0.00000000e+00
 205 CF+         1  0  0  1  0  0  0  0  0  0  0  0  0  1  0.00000000e+00
 206 HS+         1  1  0  0  0  0  0  1  0  0  0  0  0  0  0.00000000e+00
 207 SO+         1  0  0  0  0  1  0  1  0  0  0  0  0  0  0.00000000e+00
 208 CCl+        1  0  0  1  0  0  0  0  0  0  0  1  0  0  0.00000000e+00
 209 CN+         1  0  0  1  1  0  0  0  0  0  0  0  0  0  0.00000000e+00
 210 CO+         1  0  0  1  0  1  0  0  0  0  0  0  0  0  0.00000000e+00
 211 CP+         1  0  0  1  0  0  0  0  0  0  0  0  1  0  0.00000000e+00
 212 CS+         1  0  0  1  0  0  0  1  0  0  0  0  0  0  0.00000000e+00
 213 HCl+        1  1  0  0  0  0  0  0  0  0  0  1  0  0  0.00000000e+00
 214 HF+         1  1  0  0  0  0  0  0  0  0  0  0  0  1  0.00000000e+00
 215 HeH+        1  1  1  0  0  0  0  0  0  0  0  0  0  0  0.00000000e+00
 216 N2+         1  0  0  0  2  0  0  0  0  0  0  0  0  0  0.00000000e+00
 217 NH+         1  1  0  0  1  0  0  0  0  0  0  0  0  0  0.00000000e+00
 218 NO+         1  0  0  0  1  1  0  0  0  0  0  0  0  0  0.00000000e+00
 219 NS+         1  0  0  0  1  0  0  1  0  0  0  0  0  0  0.00000000e+00
 220 O2+         1  0  0  0  0  2  0  0  0  0  0  0  0  0  0.00000000e+00
 221 PH+         1  1  0  0  0  0  0  0  0  0  0  0  1  0  0.00000000e+00
 222 PN+         1  0  0  0  1  0  0  0  0  0  0  0  1  0  0.00000000e+00
 223 PO+         1  0  0  0  0  1  0  0  0  0  0  0  1  0  0.00000000e+00
 224 S2+         1  0  0  0  0  0  0  2  0  0  0  0  0  0  0.00000000e+00
 225 SiC+        1  0  0  1  0  0  1  0  0  0  0  0  0  0  0.00000000e+00
 226 SiN+        1  0  0  0  1  0  1  0  0  0  0  0  0  0  0.00000000e+00
 227 SiO+        1  0  0  0  0  1  1  0  0  0  0  0  0  0  0.00000000e+00
 228 SiS+        1  0  0  0  0  0  1  1  0  0  0  0  0  0  0.00000000e+00
 229 SiF+        1  0  0  0  0  0  1  0  0  0  0  0  0  1  0.00000000e+00
 230 CH2+        1  2  0  1  0  0  0  0  0  0  0  0  0  0  0.00000000e+00
 231 C2N+        1  0  0  2  1  0  0  0  0  0  0  0  0  0  0.00000000e+00
 232 CNC+        1  0  0  2  1  0  0  0  0  0  0  0  0  0  0.00000000e+00
 233 HSiO+       1  1  0  0  0  1  1  0  0  0  0  0  0  0  0.00000000e+00
 234 N2H+        1  1  0  0  2  0  0  0  0  0  0  0  0  0  0.00000000e+00
 235 C2H+        1  1  0  2  0  0  0  0  0  0  0  0  0  0  0.00000000e+00
 236 H3+         1  3  0  0  0  0  0  0  0  0  0  0  0  0  0.00000000e+00
 237 C3-        -1  0  0  3  0  0  0  0  0  0  0  0  0  0  0.00000000e+00
 238 HCO+        1  1  0  1  0  1  0  0  0  0  0  0  0  0  0.00000000e+00
 239 HSO+        1  1  0  0  0  1  0  1  0  0  0  0  0  0  0.00000000e+00
 240 H2S+        1  2  0  0  0  0  0  1  0  0  0  0  0  0  0.00000000e+00
 241 HCS+        1  1  0  1  0  0  0  1  0  0  0  0  0  0  0.00000000e+00
 242 HPO+        1  1  0  0  0  1  0  0  0  0  0  0  1  0  0.00000000e+00
 243 C2O+        1  0  0  2  0  1  0  0  0  0  0  0  0  0  0.00000000e+00
 244 C2S+        1  0  0  2  0  0  0  1  0  0  0  0  0  0  0.00000000e+00
 245 C3+         1  0  0  3  0  0  0  0  0  0  0  0  0  0  0.00000000e+00
 246 CCP+        1  0  0  2  0  0  0  0  0  0  0  0  1  0  0.00000000e+00
 247 CHSi+       1  1  0  1  0  0  1  0  0  0  0  0  0  0  0.00000000e+00
 248 CO2+        1  0  0  1  0  2  0  0  0  0  0  0  0  0  0.00000000e+00
 249 H2Cl+       1  2  0  0  0  0  0  0  0  0  0  1  0  0  0.00000000e+00
 250 H2F+        1  2  0  0  0  0  0  0  0  0  0  0  0  1  0.00000000e+00
 251 H2O+        1  2  0  0  0  1  0  0  0  0  0  0  0  0  0.00000000e+00
 252 HCN+        1  1  0  1  1  0  0  0  0  0  0  0  0  0  0.00000000e+00
 253 HCP+        1  1  0  1  0  0  0  0  0  0  0  0  1  0  0.00000000e+00
 254 HNC+        1  1  0  1  1  0  0  0  0  0  0  0  0  0  0.00000000e+00
 255 HNO+        1  1  0  0  1  1  0  0  0  0  0  0  0  0  0.00000000e+00
 256 HNS+        1  1  0  0  1  0  0  1  0  0  0  0  0  0  0.00000000e+00
 257 HNSi+       1  1  0  0  1  0  1  0  0  0  0  0  0  0  0.00000000e+00
 258 HOC+        1  1  0  1  0  1  0  0  0  0  0  0  0  0  0.00000000e+00
 259 HPN+        1  1  0  0  1  0  0  0  0  0  0  0  1  0  0.00000000e+00
 260 HSiS+       1  1  0  0  0  0  1  1  0  0  0  0  0  0  0.00000000e+00
 261 NaH2+       1  2  0  0  0  0  0  0  0  1  0  0  0  0  0.00000000e+00
 262 NCO+        1  0  0  1  1  1  0  0  0  0  0  0  0  0  0.00000000e+00
 263 NH2+        1  2  0  0  1  0  0  0  0  0  0  0  0  0  0.00000000e+00
 264 NO2+        1  0  0  0  1  2  0  0  0  0  0  0  0  0  0.00000000e+00
 265 HO2+        1  1  0  0  0  2  0  0  0  0  0  0  0  0  0.00000000e+00
 266 OCS+        1  0  0  1  0  1  0  1  0  0  0  0  0  0  0.00000000e+00
 267 PH2+        1  2  0  0  0  0  0  0  0  0  0  0  1  0  0.00000000e+00
 268 HS2+        1  1  0  0  0  0  0  2  0  0  0  0  0  0  0.00000000e+00
 269 SiC2+       1  0  0  2  0  0  1  0  0  0  0  0  0  0  0.00000000e+00
 270 SiH2+       1  2  0  0  0  0  1  0  0  0  0  0  0  0  0.00000000e+00
 271 SiNC+       1  0  0  1  1  0  1  0  0  0  0  0  0  0  0.00000000e+00
 272 SO2+        1  0  0  0  0  2  0  1  0  0  0  0  0  0  0.00000000e+00
 273 HCNH+       1  2  0  1  1  0  0  0  0  0  0  0  0  0  0.00000000e+00
 274 HC2N+       1  1  0  2  1  0  0  0  0  0  0  0  0  0  0.00000000e+00
 275 C3H+        1  1  0  3  0  0  0  0  0  0  0  0  0  0  0.00000000e+00
 276 C4+         1  0  0  4  0  0  0  0  0  0  0  0  0  0  0.00000000e+00
 277 H2CO+       1  2  0  1  0  1  0  0  0  0  0  0  0  0  0.00000000e+00
 278 CH3+        1  3  0  1  0  0  0  0  0  0  0  0  0  0  0.00000000e+00
 279 C3N-       -1  0  0  3  1  0  0  0  0  0  0  0  0  0  0.00000000e+00
 280 C4-        -1  0  0  4  0  0  0  0  0  0  0  0  0  0  0.00000000e+00
 281 H3O+        1  3  0  0  0  1  0  0  0  0  0  0  0  0  0.00000000e+00
 282 H2NO+       1  2  0  0  1  1  0  0  0  0  0  0  0  0  0.00000000e+00
 283 H3S+        1  3  0  0  0  0  0  1  0  0  0  0  0  0  0.00000000e+00
 284 HC2S+       1  1  0  2  0  0  0  1  0  0  0  0  0  0  0.00000000e+00
 285 HOCS+       1  1  0  1  0  1  0  1  0  0  0  0  0  0  0.00000000e+00
 286 PCH2+       1  2  0  1  0  0  0  0  0  0  0  0  1  0  0.00000000e+00
 287 H2S2+       1  2  0  0  0  0  0  2  0  0  0  0  0  0  0.00000000e+00
 288 C2H2+       1  2  0  2  0  0  0  0  0  0  0  0  0  0  0.00000000e+00
 289 C2HO+       1  1  0  2  0  1  0  0  0  0  0  0  0  0  0.00000000e+00
 290 C2N2+       1  0  0  2  2  0  0  0  0  0  0  0  0  0  0.00000000e+00
 291 C3N+        1  0  0  3  1  0  0  0  0  0  0  0  0  0  0.00000000e+00
 292 C3O+        1  0  0  3  0  1  0  0  0  0  0  0  0  0  0.00000000e+00
 293 C3S+        1  0  0  3  0  0  0  1  0  0  0  0  0  0  0.00000000e+00
 294 CH2Si+      1  2  0  1  0  0  1  0  0  0  0  0  0  0  0.00000000e+00
 295 H2CCl+      1  2  0  1  0  0  0  0  0  0  0  1  0  0  0.00000000e+00
 296 H2CS+       1  2  0  1  0  0  0  1  0  0  0  0  0  0  0.00000000e+00
 297 H2NC+       1  2  0  1  1  0  0  0  0  0  0  0  0  0  0.00000000e+00
 298 H2PO+       1  2  0  0  0  1  0  0  0  0  0  0  1  0  0.00000000e+00
 299 H2SiO+      1  2  0  0  0  1  1  0  0  0  0  0  0  0  0.00000000e+00
 300 HOCO+       1  1  0  1  0  2  0  0  0  0  0  0  0  0  0.00000000e+00
 301 HNCO+       1  1  0  1  1  1  0  0  0  0  0  0  0  0  0.00000000e+00
 302 HSiO2+      1  1  0  0  0  2  1  0  0  0  0  0  0  0  0.00000000e+00
 303 HSO2+       1  1  0  0  0  2  0  1  0  0  0  0  0  0  0.00000000e+00
 304 NaH2O+      1  2  0  0  0  1  0  0  0  1  0  0  0  0  0.00000000e+00
 305 NH3+        1  3  0  0  1  0  0  0  0  0  0  0  0  0  0.00000000e+00
 306 PC2H+       1  1  0  2  0  0  0  0  0  0  0  0  1  0  0.00000000e+00
 307 PH3+        1  3  0  0  0  0  0  0  0  0  0  0  1  0  0.00000000e+00
 308 PNH2+       1  2  0  0  1  0  0  0  0  0  0  0  1  0  0.00000000e+00
 309 SiC2H+      1  1  0  2  0  0  1  0  0  0  0  0  0  0  0.00000000e+00
 310 l-SiC3+     1  0  0  3  0  0  1  0  0  0  0  0  0  0  0.00000000e+00
 311 SiH3+       1  3  0  0  0  0  1  0  0  0  0  0  0  0  0.00000000e+00
 312 SiNCH+      1  1  0  1  1  0  1  0  0  0  0  0  0  0  0.00000000e+00
 313 HSiNH+      1  2  0  0  1  0  1  0  0  0  0  0  0  0  0.00000000e+00
 314 HN2O+       1  1  0  0  2  1  0  0  0  0  0  0  0  0  0.00000000e+00
 315 C2H3+       1  3  0  2  0  0  0  0  0  0  0  0  0  0  0.00000000e+00
 316 c-C3H2+     1  2  0  3  0  0  0  0  0  0  0  0  0  0  0.00000000e+00
 317 l-C3H2+     1  2  0  3  0  0  0  0  0  0  0  0  0  0  0.00000000e+00
 318 C4H+        1  1  0  4  0  0  0  0  0  0  0  0  0  0  0.00000000e+00
 319 C5+         1  0  0  5  0  0  0  0  0  0  0  0  0  0  0.00000000e+00
 320 HC3O+       1  1  0  3  0  1  0  0  0  0  0  0  0  0  0.00000000e+00
 321 C4H-       -1  1  0  4  0  0  0  0  0  0  0  0  0  0  0.00000000e+00
 322 C5-        -1  0  0  5  0  0  0  0  0  0  0  0  0  0  0.00000000e+00
 323 NH4+        1  4  0  0  1  0  0  0  0  0  0  0  0  0  0.00000000e+00
 324 H3CS+       1  3  0  1  0  0  0  1  0  0  0  0  0  0  0.00000000e+00
 325 H2COH+      1  3  0  1  0  1  0  0  0  0  0  0  0  0  0.00000000e+00
 326 H3S2+       1  3  0  0  0  0  0  2  0  0  0  0  0  0  0.00000000e+00
 327 HC3S+       1  1  0  3  0  0  0  1  0  0  0  0  0  0  0.00000000e+00
 328 PC3H+       1  1  0  3  0  0  0  0  0  0  0  0  1  0  0.00000000e+00
 329 PCH3+       1  3  0  1  0  0  0  0  0  0  0  0  1  0  0.00000000e+00
 330 SiC2H2+     1  2  0  2  0  0  1  0  0  0  0  0  0  0  0.00000000e+00
 331 SiC3H+      1  1  0  3  0  0  1  0  0  0  0  0  0  0  0.00000000e+00
 332 SiC4+       1  0  0  4  0  0  1  0  0  0  0  0  0  0  0.00000000e+00
 333 SiCH3+      1  3  0  1  0  0  1  0  0  0  0  0  0  0  0.00000000e+00
 334 SiH4+       1  4  0  0  0  0  1  0  0  0  0  0  0  0  0.00000000e+00
 335 CH2CN+      1  2  0  2  1  0  0  0  0  0  0  0  0  0  0.00000000e+00
 336 H2CCO+      1  2  0  2  0  1  0  0  0  0  0  0  0  0  0.00000000e+00
 337 HC3N+       1  1  0  3  1  0  0  0  0  0  0  0  0  0  0.00000000e+00
 338 C4N+        1  0  0  4  1  0  0  0  0  0  0  0  0  0  0.00000000e+00
 339 C4P+        1  0  0  4  0  0  0  0  0  0  0  0  1  0  0.00000000e+00
 340 C4S+        1  0  0  4  0  0  0  1  0  0  0  0  0  0  0.00000000e+00
 341 HCOOH+      1  2  0  1  0  2  0  0  0  0  0  0  0  0  0.00000000e+00
 342 CH4+        1  4  0  1  0  0  0  0  0  0  0  0  0  0  0.00000000e+00
 343 H3SiO+      1  3  0  0  0  1  1  0  0  0  0  0  0  0  0.00000000e+00
 344 PC2H2+      1  2  0  2  0  0  0  0  0  0  0  0  1  0  0.00000000e+00
 345 C6+         1  0  0  6  0  0  0  0  0  0  0  0  0  0  0.00000000e+00
 346 HC4N+       1  1  0  4  1  0  0  0  0  0  0  0  0  0  0.00000000e+00
 347 C5H-       -1  1  0  5  0  0  0  0  0  0  0  0  0  0  0.00000000e+00
 348 C6-        -1  0  0  6  0  0  0  0  0  0  0  0  0  0  0.00000000e+00
 349 CH3CO+      1  3  0  2  0  1  0  0  0  0  0  0  0  0  0.00000000e+00
 350 C2H4+       1  4  0  2  0  0  0  0  0  0  0  0  0  0  0.00000000e+00
 351 HC3NH+      1  2  0  3  1  0  0  0  0  0  0  0  0  0  0.00000000e+00
 352 HC4S+       1  1  0  4  0  0  0  1  0  0  0  0  0  0  0.00000000e+00
 353 CH5+        1  5  0  1  0  0  0  0  0  0  0  0  0  0  0.00000000e+00
 354 C4H2+       1  2  0  4  0  0  0  0  0  0  0  0  0  0  0.00000000e+00
 355 C5H+        1  1  0  5  0  0  0  0  0  0  0  0  0  0  0.00000000e+00
 356 CH3CN+      1  3  0  2  1  0  0  0  0  0  0  0  0  0  0.00000000e+00
 357 c-C3H3+     1  3  0  3  0  0  0  0  0  0  0  0  0  0  0.00000000e+00
 358 l-C3H3+     1  3  0  3  0  0  0  0  0  0  0  0  0  0  0.00000000e+00
 359 C5N+        1  0  0  5  1  0  0  0  0  0  0  0  0  0  0.00000000e+00
 360 CH3O2+      1  3  0  1  0  2  0  0  0  0  0  0  0  0  0.00000000e+00
 361 CH2NH2+     1  4  0  1  1  0  0  0  0  0  0  0  0  0  0.00000000e+00
 362 CH3OH+      1  4  0  1  0  1  0  0  0  0  0  0  0  0  0.00000000e+00
 363 H2C3O+      1  2  0  3  0  1  0  0  0  0  0  0  0  0  0.00000000e+00
 364 HC2NCH+     1  2  0  3  1  0  0  0  0  0  0  0  0  0  0.00000000e+00
 365 HC4O+       1  1  0  4  0  1  0  0  0  0  0  0  0  0  0.00000000e+00
 366 NH2CNH+     1  3  0  1  2  0  0  0  0  0  0  0  0  0  0.00000000e+00
 367 PC2H3+      1  3  0  2  0  0  0  0  0  0  0  0  1  0  0.00000000e+00
 368 PC4H+       1  1  0  4  0  0  0  0  0  0  0  0  1  0  0.00000000e+00
 369 PCH4+       1  4  0  1  0  0  0  0  0  0  0  0  1  0  0.00000000e+00
 370 SiC2H3+     1  3  0  2  0  0  1  0  0  0  0  0  0  0  0.00000000e+00
 371 SiC3H2+     1  2  0  3  0  0  1  0  0  0  0  0  0  0  0.00000000e+00
 372 SiC4H+      1  1  0  4  0  0  1  0  0  0  0  0  0  0  0.00000000e+00
 373 SiCH4+      1  4  0  1  0  0  1  0  0  0  0  0  0  0  0.00000000e+00
 374 SiH5+       1  5  0  0  0  0  1  0  0  0  0  0  0  0  0.00000000e+00
 375 C7+         1  0  0  7  0  0  0  0  0  0  0  0  0  0  0.00000000e+00
 376 H2C4N+      1  2  0  4  1  0  0  0  0  0  0  0  0  0  0.00000000e+00
 377 C6H-       -1  1  0  6  0  0  0  0  0  0  0  0  0  0  0.00000000e+00
 378 C7-        -1  0  0  7  0  0  0  0  0  0  0  0  0  0  0.00000000e+00
 379 C4H3+       1  3  0  4  0  0  0  0  0  0  0  0  0  0  0.00000000e+00
 380 C5H2+       1  2  0  5  0  0  0  0  0  0  0  0  0  0  0.00000000e+00
 381 CH3CNH+     1  4  0  2  1  0  0  0  0  0  0  0  0  0  0.00000000e+00
 382 C2H4O+      1  4  0  2  0  1  0  0  0  0  0  0  0  0  0.00000000e+00
 383 C2H5+       1  5  0  2  0  0  0  0  0  0  0  0  0  0  0.00000000e+00
 384 C3H3N+      1  3  0  3  1  0  0  0  0  0  0  0  0  0  0.00000000e+00
 385 C3H4+       1  4  0  3  0  0  0  0  0  0  0  0  0  0  0.00000000e+00
 386 HC5N+       1  1  0  5  1  0  0  0  0  0  0  0  0  0  0.00000000e+00
 387 C6H+        1  1  0  6  0  0  0  0  0  0  0  0  0  0  0.00000000e+00
 388 CH3NH2+     1  5  0  1  1  0  0  0  0  0  0  0  0  0  0.00000000e+00
 389 CH3OH2+     1  5  0  1  0  1  0  0  0  0  0  0  0  0  0.00000000e+00
 390 C2H3CO+     1  3  0  3  0  1  0  0  0  0  0  0  0  0  0.00000000e+00
 391 NH2CH2O+    1  4  0  1  1  1  0  0  0  0  0  0  0  0  0.00000000e+00
 392 PC2H4+      1  4  0  2  0  0  0  0  0  0  0  0  1  0  0.00000000e+00
 393 PC4H2+      1  2  0  4  0  0  0  0  0  0  0  0  1  0  0.00000000e+00
 394 HC5O+       1  1  0  5  0  1  0  0  0  0  0  0  0  0  0.00000000e+00
 395 C6N+        1  0  0  6  1  0  0  0  0  0  0  0  0  0  0.00000000e+00
 396 H2C5N+      1  2  0  5  1  0  0  0  0  0  0  0  0  0  0.00000000e+00
 397 C8+         1  0  0  8  0  0  0  0  0  0  0  0  0  0  0.00000000e+00
 398 C7H-       -1  1  0  7  0  0  0  0  0  0  0  0  0  0  0.00000000e+00
 399 C8-        -1  0  0  8  0  0  0  0  0  0  0  0  0  0  0.00000000e+00
 400 C5H3+       1  3  0  5  0  0  0  0  0  0  0  0  0  0  0.00000000e+00
 401 C3H5+       1  5  0  3  0  0  0  0  0  0  0  0  0  0  0.00000000e+00
 402 C6H2+       1  2  0  6  0  0  0  0  0  0  0  0  0  0  0.00000000e+00
 403 C7H+        1  1  0  7  0  0  0  0  0  0  0  0  0  0  0.00000000e+00
 404 CH3CHOH+    1  5  0  2  0  1  0  0  0  0  0  0  0  0  0.00000000e+00
 405 C2H6+       1  6  0  2  0  0  0  0  0  0  0  0  0  0  0.00000000e+00
 406 C3H3NH+     1  4  0  3  1  0  0  0  0  0  0  0  0  0  0.00000000e+00
 407 C4H4+       1  4  0  4  0  0  0  0  0  0  0  0  0  0  0.00000000e+00
 408 C7N+        1  0  0  7  1  0  0  0  0  0  0  0  0  0  0.00000000e+00
 409 CH3NH3+     1  6  0  1  1  0  0  0  0  0  0  0  0  0  0.00000000e+00
 410 COOCH4+     1  4  0  2  0  2  0  0  0  0  0  0  0  0  0.00000000e+00
 411 H3C4N+      1  3  0  4  1  0  0  0  0  0  0  0  0  0  0.00000000e+00
 412 HC6N+       1  1  0  6  1  0  0  0  0  0  0  0  0  0  0.00000000e+00
 413 C9+         1  0  0  9  0  0  0  0  0  0  0  0  0  0  0.00000000e+00
 414 C8H-       -1  1  0  8  0  0  0  0  0  0  0  0  0  0  0.00000000e+00
 415 C9-        -1  0  0  9  0  0  0  0  0  0  0  0  0  0  0.00000000e+00
 416 C4H5+       1  5  0  4  0  0  0  0  0  0  0  0  0  0  0.00000000e+00
 417 C6H3+       1  3  0  6  0  0  0  0  0  0  0  0  0  0  0.00000000e+00
 418 C7H2+       1  2  0  7  0  0  0  0  0  0  0  0  0  0  0.00000000e+00
 419 C2H5OH+     1  6  0  2  0  1  0  0  0  0  0  0  0  0  0.00000000e+00
 420 H3C4NH+     1  4  0  4  1  0  0  0  0  0  0  0  0  0  0.00000000e+00
 421 C5H3N+      1  3  0  5  1  0  0  0  0  0  0  0  0  0  0.00000000e+00
 422 C5H4+       1  4  0  5  0  0  0  0  0  0  0  0  0  0  0.00000000e+00
 423 HC7N+       1  1  0  7  1  0  0  0  0  0  0  0  0  0  0.00000000e+00
 424 C8H+        1  1  0  8  0  0  0  0  0  0  0  0  0  0  0.00000000e+00
 425 CH3OCH3+    1  6  0  2  0  1  0  0  0  0  0  0  0  0  0.00000000e+00
 426 H5C2O2+     1  5  0  2  0  2  0  0  0  0  0  0  0  0  0.00000000e+00
 427 HC7O+       1  1  0  7  0  1  0  0  0  0  0  0  0  0  0.00000000e+00
 428 C8N+        1  0  0  8  1  0  0  0  0  0  0  0  0  0  0.00000000e+00
 429 C2H7+       1  7  0  2  0  0  0  0  0  0  0  0  0  0  0.00000000e+00
 430 C10+        1  0  0 10  0  0  0  0  0  0  0  0  0  0  0.00000000e+00
 431 CH3OCH4+    1  7  0  2  0  1  0  0  0  0  0  0  0  0  0.00000000e+00
 432 C9H-       -1  1  0  9  0  0  0  0  0  0  0  0  0  0  0.00000000e+00
 433 C10-       -1  0  0 10  0  0  0  0  0  0  0  0  0  0  0.00000000e+00
 434 C7H2N+      1  2  0  7  1  0  0  0  0  0  0  0  0  0  0.00000000e+00
 435 C7H3+       1  3  0  7  0  0  0  0  0  0  0  0  0  0  0.00000000e+00
 436 C5H5+       1  5  0  5  0  0  0  0  0  0  0  0  0  0  0.00000000e+00
 437 C8H2+       1  2  0  8  0  0  0  0  0  0  0  0  0  0  0.00000000e+00
 438 C9H+        1  1  0  9  0  0  0  0  0  0  0  0  0  0  0.00000000e+00
 439 C2H5OH2+    1  7  0  2  0  1  0  0  0  0  0  0  0  0  0.00000000e+00
 440 C2H6CO+     1  6  0  3  0  1  0  0  0  0  0  0  0  0  0.00000000e+00
 441 C5H4N+      1  4  0  5  1  0  0  0  0  0  0  0  0  0  0.00000000e+00
 442 C6H4+       1  4  0  6  0  0  0  0  0  0  0  0  0  0  0.00000000e+00
 443 C9N+        1  0  0  9  1  0  0  0  0  0  0  0  0  0  0.00000000e+00
 444 HC8N+       1  1  0  8  1  0  0  0  0  0  0  0  0  0  0.00000000e+00
 445 C10H+       1  1  0 10  0  0  0  0  0  0  0  0  0  0  0.00000000e+00
 446 C10H-      -1  1  0 10  0  0  0  0  0  0  0  0  0  0  0.00000000e+00
 447 C8H3+       1  3  0  8  0  0  0  0  0  0  0  0  0  0  0.00000000e+00
 448 C9H2+       1  2  0  9  0  0  0  0  0  0  0  0  0  0  0.00000000e+00
 449 C3H6OH+     1  7  0  3  0  1  0  0  0  0  0  0  0  0  0.00000000e+00
 450 C4H7+       1  7  0  4  0  0  0  0  0  0  0  0  0  0  0.00000000e+00
 451 H3C6NH+     1  4  0  6  1  0  0  0  0  0  0  0  0  0  0.00000000e+00
 452 c-C6H5+     1  5  0  6  0  0  0  0  0  0  0  0  0  0  0.00000000e+00
 453 H3C7N+      1  3  0  7  1  0  0  0  0  0  0  0  0  0  0.00000000e+00
 454 C7H4+       1  4  0  7  0  0  0  0  0  0  0  0  0  0  0.00000000e+00
 455 C9HN+       1  1  0  9  1  0  0  0  0  0  0  0  0  0  0.00000000e+00
 456 C11+        1  0  0 11  0  0  0  0  0  0  0  0  0  0  0.00000000e+00
 457 HC9O+       1  1  0  9  0  1  0  0  0  0  0  0  0  0  0.00000000e+00
 458 C10N+       1  0  0 10  1  0  0  0  0  0  0  0  0  0  0.00000000e+00
 459 C9H2N+      1  2  0  9  1  0  0  0  0  0  0  0  0  0  0.00000000e+00
 460 C9H3+       1  3  0  9  0  0  0  0  0  0  0  0  0  0  0.00000000e+00
 461 C10H2+      1  2  0 10  0  0  0  0  0  0  0  0  0  0  0.00000000e+00
 462 C7H5+       1  5  0  7  0  0  0  0  0  0  0  0  0  0  0.00000000e+00
 463 C8H4+       1  4  0  8  0  0  0  0  0  0  0  0  0  0  0.00000000e+00
 464 HC10N+      1  1  0 10  1  0  0  0  0  0  0  0  0  0  0.00000000e+00
 465 C6H7+       1  7  0  6  0  0  0  0  0  0  0  0  0  0  0.00000000e+00
 466 C9H4+       1  4  0  9  0  0  0  0  0  0  0  0  0  0  0.00000000e+00
 467 C8H4N+      1  4  0  8  1  0  0  0  0  0  0  0  0  0  0.00000000e+00
 468 C8H5+       1  5  0  8  0  0  0  0  0  0  0  0  0  0  0.00000000e+00
 469 C9H3N+      1  3  0  9  1  0  0  0  0  0  0  0  0  0  0.00000000e+00
 470 C10H3+      1  3  0 10  0  0  0  0  0  0  0  0  0  0  0.00000000e+00
 471 C9H5+       1  5  0  9  0  0  0  0  0  0  0  0  0  0  0.00000000e+00
 472 GRAIN0      0  0  0  0  0  0  0  0  0  0  0  0  0  0  1.32150000e-12
 473 GRAIN-     -1  0  0  0  0  0  0  0  0  0  0  0  0  0  0.00000000e+00
 474 XH          0  1  0  0  0  0  0  0  0  0  0  0  0  0  0.00000000e+00
 475 C3H5        0  5  0  3  0  0  0  0  0  0  0  0  0  0  0.00000000e+00
 476 C3H7        0  7  0  3  0  0  0  0  0  0  0  0  0  0  0.00000000e+00
 477 C3H8        0  8  0  3  0  0  0  0  0  0  0  0  0  0  0.00000000e+00
 478 CH2CCH2     0  4  0  3  0  0  0  0  0  0  0  0  0  0  0.00000000e+00
 479 CH3O        0  3  0  1  0  1  0  0  0  0  0  0  0  0  0.00000000e+00
 480 CH3OCH2     0  5  0  2  0  1  0  0  0  0  0  0  0  0  0.00000000e+00
 481 CH3COOH     0  4  0  2  0  2  0  0  0  0  0  0  0  0  0.00000000e+00
 482 CH3CHOH     0  5  0  2  0  1  0  0  0  0  0  0  0  0  0.00000000e+00
 483 HCOCH2OH    0  4  0  2  0  2  0  0  0  0  0  0  0  0  0.00000000e+00
 484 CH2CH2OH    0  5  0  2  0  1  0  0  0  0  0  0  0  0  0.00000000e+00
 485 HCOCH2OH2+  1  5  0  2  0  2  0  0  0  0  0  0  0  0  0.00000000e+00
 486 H2CCCO      0  2  0  3  0  1  0  0  0  0  0  0  0  0  0.00000000e+00
 487 c-C3H2O     0  2  0  3  0  1  0  0  0  0  0  0  0  0  0.00000000e+00
 488 HCCCHO      0  2  0  3  0  1  0  0  0  0  0  0  0  0  0.00000000e+00
 489 HCCCHOH+    1  3  0  3  0  1  0  0  0  0  0  0  0  0  0.00000000e+00
 490 c-C3H2OH+   1  3  0  3  0  1  0  0  0  0  0  0  0  0  0.00000000e+00
 491 POH+        1  1  0  0  0  1  0  0  0  0  0  0  1  0  0.00000000e+00
 492 ClO         0  0  0  0  0  1  0  0  0  0  0  1  0  0  0.00000000e+00
 493 ClO+        1  0  0  0  0  1  0  0  0  0  0  1  0  0  0.00000000e+00
